-9.470005
4.684045
3.69882
-7.34853
7.218126
2.887462
7.514368
-7.54798
5.924447
-0.4588155
8.614447
8.842181
-9.54334
3.077317
-0.803085
-5.230886
2.618034
4.990589
-8.160935
2.99535
1.061539
-7.384518
3.345487
2.947761
-6.945561
-6.941987
-7.64368
-6.206649
4.424291
-3.467737
-6.580155
-5.843015
4.857913
4.295215
3.26125
8.241785
6.40159
-4.056453
-8.266703
7.152902
1.918946
-0.1914045
5.453246
-3.196101
-1.794286
-4.023206
1.245623
-9.244879
2.847004
-7.485627
-1.102463
-3.279346
-9.435086
-3.961383
1.802026
7.914513
-8.661442
-9.248941
9.597032
4.160113
0.5311418
3.721017
-1.972271
-0.6078156
-3.87866
4.457462
-6.015731
-3.838554
9.816066
0.9551304
-1.632477
-3.325513
3.257292
-5.313838
-8.923595
-8.747057
-2.837765
-3.458412
-5.257952
7.077645
1.81239
-8.398802
0.9463468
1.909919
7.634725
6.699191
-6.407928
-1.180704
-7.506812
5.346737
6.903226
5.650532
-3.653484
-2.426816
-3.37824
8.197929
-8.219133
-3.938938
-9.317441
3.748252
-8.007475
-4.915823
-9.060945
-8.108126
4.14685
-7.776949
3.463362
5.878751
-5.037787
0.5490831
0.7522773
4.79697
6.009011
-7.480614
-7.652277
-1.070057
-7.22533
6.11781
1.757459
-0.5778505
0.8653901
5.164973
-6.331743
-5.530671
4.051904
2.716991
-9.672029
-4.315892
8.064403
-7.121525
9.472076
-8.898827
-4.140971
0.9937956
5.085119
-3.271786
