-0.4695983
-1.585854
-4.133395
4.075591
-2.067947
9.342438
9.202991
-3.350051
-6.705328
4.186582
7.213104
-0.7755314
-3.543239
3.262068
5.107056
-9.673143
9.793103
-9.438787
-6.918393
-4.990921
9.482367
5.331854
-7.253653
8.689174
5.194598
3.702449
5.10431
-9.188493
1.149281
-0.5962159
-1.323226
4.471489
6.255883
-4.764058
-3.553472
7.491259
5.277824
4.583472
3.37518
-9.776213
-7.122126
7.191353
-1.010991
6.339287
0.6940645
-2.406364
5.504883
-8.601688
0.1318074
-2.222774
4.831028
-9.731333
-0.3702385
-7.165595
-9.400077
4.198548
-4.332201
-2.822569
8.880993
4.229604
-5.761872
8.391483
5.500668
3.890889
-4.490191
-7.258385
2.968586
-8.779181
-3.184459
7.615798
-4.950968
-4.790369
-2.813967
-7.14218
-7.868795
-7.708987
-3.657155
-3.592939
-2.00489
-2.399038
8.197567
3.705999
0.6797
-6.627945
4.572757
-1.591893
-5.158273
3.421478
-5.363981
2.24798
1.82346
-1.899606
5.702479
9.145576
5.985659
-5.513609
-8.309315
5.098121
0.8294784
-2.04755
4.62505
4.284064
4.582771
2.51601
-7.271805
-0.3786034
3.082634
-3.228058
-9.2968
8.308909
-2.144297
9.260737
9.182322
1.280031
6.032037
0.5321291
-2.288217
2.128613
9.318131
7.101701
7.899887
9.547108
6.5848
4.567561
-4.207663
6.948638
-0.4928484
-1.959543
-3.127839
7.644814
-9.399673
1.244724
5.577582
-9.95734
2.975912
-6.086497
