-4.649212
4.732392
-4.114488
-4.48936
-1.647306
-5.973108
0.2940141
-2.324635
3.117882
-3.42131
-3.29911
5.228883
1.974907
-5.74496
-0.8193092
2.463748
-0.1497091
-2.595363
-6.576168
6.200247
-3.230411
-7.593304
-1.537888
6.785812
-5.797549
-2.769381
-3.822039
4.575204
-0.2358673
2.863353
0.2570904
-2.345248
-1.394444
5.186845
-2.146287
4.888683
4.579008
-4.603772
1.316915
5.638315
-3.815493
5.992069
1.695692
-0.1459183
-4.741675
5.191252
-3.557044
-0.1906799
-0.7277835
-4.239103
-4.971716
7.26103
2.877297
-0.3258192
2.436846
-4.093116
0.4296832
-3.554014
-5.770535
6.239171
2.688771
5.698606
7.889919
5.049522
4.388759
-6.874458
-0.7801269
2.790469
5.66025
4.285642
-6.912881
-0.3969883
0.9425104
-5.899261
1.149927
-0.3480827
-1.883323
5.624331
2.635514
-6.856812
-4.016324
2.370346
0.1111468
-5.928385
1.896195
0.7011195
2.939564
6.016464
-5.020811
-5.085532
-2.961622
-1.845664
6.358193
0.2658471
-3.369416
-1.449567
5.84569
1.503585
5.386842
-4.836044
1.83939
-2.261071
3.41395
0.1784145
-2.520281
5.350528
-2.877981
-0.5006423
3.700036
-2.325803
4.827415
1.896397
1.494216
-5.897498
5.391713
4.404866
-2.539495
3.904259
-1.644293
-3.718033
-2.112701
1.335619
2.613483
1.486858
0.1569198
-0.2599026
-2.624303
-6.033594
-6.601337
-3.766941
0.7873758
0.6995335
-4.62962
0.4429353
0.5765594
5.275296
